4.53048711e+02
3.85204542e+02
4.27062204e+02
4.11853901e+02
4.43439718e+02
3.77723275e+02
4.49759902e+02
4.19420481e+02
4.39488779e+02
3.88776283e+02
4.07833154e+02
3.88622918e+02
3.93773100e+02
3.65817140e+02
4.38220732e+02
4.09638742e+02
3.76746581e+02
4.21007985e+02
4.39341260e+02
3.66820103e+02
3.67930046e+02
3.86094168e+02
4.32430102e+02
3.99603945e+02
4.39293372e+02
3.55908865e+02
4.29151435e+02
3.94002295e+02
3.89254655e+02
4.37842613e+02
4.02801720e+02
3.91668754e+02
4.30613864e+02
3.88554832e+02
4.16563139e+02
4.43547071e+02
3.92297494e+02
4.51563952e+02
4.25918705e+02
4.23356289e+02
3.80400625e+02
4.34332229e+02
4.05573431e+02
3.94258558e+02
4.14443261e+02
4.10873944e+02
4.48715939e+02
4.48890733e+02
4.74793394e+02
4.08640590e+02
4.21030260e+02
4.07218252e+02
4.28082564e+02
4.38347502e+02
4.20224205e+02
4.06693123e+02
3.82524691e+02
4.59828747e+02
4.18378978e+02
3.77941394e+02
4.19643534e+02
4.18956929e+02
4.50243220e+02
3.98279337e+02
4.37673617e+02
3.84553686e+02
3.92049342e+02
4.38916444e+02
4.23864664e+02
4.07653186e+02
4.19288877e+02
4.73708492e+02
4.36405018e+02
3.93357504e+02
3.96316995e+02
4.66464914e+02
4.27161226e+02
4.48290449e+02
4.35909526e+02
4.03945771e+02
4.24918260e+02
3.76749752e+02
3.97605021e+02
4.00987091e+02
3.91826535e+02
4.05989609e+02
4.39015269e+02
3.97475914e+02
4.00616660e+02
4.23778247e+02
4.20054818e+02
4.16004635e+02
4.08763974e+02
4.31789296e+02
4.03613987e+02
4.64075518e+02
4.39011000e+02
3.99892565e+02
4.29470981e+02
4.30293183e+02
4.43635207e+02
4.18530909e+02
4.27080033e+02
4.12013393e+02
3.78447499e+02
4.20684452e+02
4.37858112e+02
3.99063830e+02
4.01456373e+02
4.33736434e+02
3.75576449e+02
4.21715233e+02
4.16049187e+02
4.33874527e+02
3.91189982e+02
4.14206543e+02
3.75283733e+02
4.38263818e+02
4.06178869e+02
3.92173957e+02
3.84864223e+02
4.08324246e+02
4.07138286e+02
4.31012392e+02
2.98342124e+02
4.46879752e+02
4.10396526e+02
4.16434264e+02
3.94833116e+02
4.67001249e+02
4.06769779e+02
4.26856362e+02
4.34871247e+02
4.27422985e+02
4.08841965e+02
4.16035233e+02
4.11572808e+02
4.21255990e+02
4.28113672e+02
4.44674900e+02
4.04533394e+02
3.89956363e+02
3.66870716e+02
3.97095021e+02
4.32009161e+02
4.80196675e+02
4.38779512e+02
4.26408281e+02
3.91378262e+02
3.94257853e+02
4.08953918e+02
4.61154536e+02
3.65046046e+02
4.36865424e+02
3.92495989e+02
4.18591810e+02
4.26718320e+02
4.20883714e+02
4.23882224e+02
4.00234726e+02
4.02852558e+02
3.98482880e+02
3.89857799e+02
4.45296532e+02
3.78623511e+02
4.54142520e+02
4.41950526e+02
3.81974046e+02
4.41602558e+02
4.46358246e+02
3.72133356e+02
4.25931523e+02
3.63485059e+02
4.23609971e+02
4.01798663e+02
4.00953613e+02
4.02288739e+02
3.96586328e+02
4.39265405e+02
4.05390234e+02
3.94091539e+02
4.08517412e+02
3.99912371e+02
4.39861248e+02
4.20198815e+02
3.91327054e+02
4.36547162e+02
4.06755109e+02
4.02741340e+02
3.96068877e+02
4.03399391e+02
4.07307684e+02
4.12457288e+02
4.04492338e+02
4.31872491e+02
4.31956296e+02
4.16062509e+02
4.01327534e+02
3.80193783e+02
4.46750872e+02
4.41251963e+02
4.17768654e+02
4.33687728e+02
4.08276535e+02
4.54245612e+02
3.74109049e+02
4.10203491e+02
4.22351908e+02
4.37302709e+02
3.85648347e+02
4.17904082e+02
4.42370443e+02
4.05995123e+02
3.80897818e+02
4.54417758e+02
4.23323283e+02
