1.769773520362915020e+00 1.488881138959647910e+00 1.586129425646690461e+00 1.986446751380283926e+00
6.577690731519987288e+00 1.183136746079677115e+00 5.176468319038018961e-02 6.604503001763124548e-01
2.072865592105857857e+00 1.624509490732075623e+00 1.644002692870290883e+00 5.616825078749685396e-01
2.061426541875851726e+00 4.348456380128199683e+00 4.794780578940232019e-01 1.327469292050798222e+00
1.849510431827197099e+00 6.042618764500144124e+00 1.381960798983840499e+00 2.991844146645472602e-01
3.326434476512188709e+00 5.805120537683176707e+00 7.536589543887464160e-01 1.559721659635424196e+00
5.436556109584421925e+00 9.982742136742299266e+00 4.469159978440859771e-01 1.547765994800531564e+00
7.301456685814535774e+00 3.544384699950722251e+00 4.442254318984517614e-01 4.091092316211297764e-02
4.205425860975261720e+00 9.161472561254267788e+00 1.433125933078070124e+00 1.973480985729897830e+00
6.055665794778741784e-01 5.995876076632814744e+00 1.080136504239776363e+00 7.134439821010896132e-01
6.174919966010426364e+00 7.161854355194021693e+00 5.216747187595518476e-01 4.120263173393199363e-01
4.987518380405974838e+00 8.577591772732132469e+00 9.730946785760927753e-01 2.316788533123028682e-01
1.303440448542605434e+00 8.759458564600516084e+00 1.465841618827289805e+00 1.540372812194070740e+00
5.597123102650474635e+00 4.136819702655158970e-01 1.979102853014260477e+00 7.669956562149684576e-01
6.875753797406206402e+00 5.561521638247923782e+00 1.821680798948944968e+00 9.134017860253289545e-01
9.223534138995137965e+00 1.050550075518432713e+00 1.460786512106658108e+00 3.553112892789092037e-01
4.419025788495220652e+00 3.682472754774677171e+00 1.163838123910803546e+00 6.785155380786405122e-01
4.653143461448554064e+00 7.855446435536358685e+00 4.558261488417965079e-01 9.544985907010505866e-01
4.737729246221086044e+00 1.563847266528702873e+00 3.029662494524483218e-01 3.333608551055449176e-01
4.854461482460433075e+00 5.428244080989332865e+00 2.354547367982389172e-01 6.738935142812763068e-02
